
     0.04300    -0.27368     0.76074    -0.58114    -0.00080    -0.08243     0.00312
     0.17947    -0.09979     0.32502     0.42315    -0.51142     0.46300     0.44408
     0.08067    -0.24708     0.14782     0.38889    -0.44641    -0.53067    -0.52770
    -0.16060    -0.06470     0.35238     0.41456     0.51497     0.43781    -0.46595
    -0.11158    -0.22734     0.16202     0.38525     0.44633    -0.50764     0.55162
     0.59071    -0.69520    -0.31567    -0.06482     0.19401     0.15655    -0.04194
    -0.75647    -0.56117    -0.20910    -0.08662    -0.19266     0.15275     0.03407

