
     0.00137    -0.00288     0.00255    -0.00343     0.00322    -0.00100    -0.00087
    -0.00288     0.07297    -0.06907    -0.04317     0.03601    -0.00215     0.01193
     0.00255    -0.06907     0.09610     0.03639    -0.05699    -0.00346    -0.00802
    -0.00343    -0.04317     0.03639     0.07625    -0.07285     0.01289    -0.00191
     0.00322     0.03601    -0.05699    -0.07285     0.10065    -0.00915    -0.00386
    -0.00100    -0.00215    -0.00346     0.01289    -0.00915     0.00359     0.00038
    -0.00087     0.01193    -0.00802    -0.00191    -0.00386     0.00038     0.00331

