
     0.00049    -0.00124     0.00129    -0.00125     0.00130     0.00031     0.00032
    -0.00124     0.05868    -0.06020    -0.05047     0.05238    -0.00901     0.00710
     0.00129    -0.06020     0.08481     0.05245    -0.07598     0.00705    -0.00539
    -0.00125    -0.05047     0.05245     0.05862    -0.06011     0.00711    -0.00899
     0.00130     0.05238    -0.07598    -0.06011     0.08464    -0.00538     0.00704
     0.00031    -0.00901     0.00705     0.00711    -0.00538     0.00171    -0.00122
     0.00032     0.00710    -0.00539    -0.00899     0.00704    -0.00122     0.00171

