
    -0.53080     0.83322     0.00692    -0.00672    -0.15463     0.00046     0.00004
     0.14414     0.18576    -0.16472     0.46406     0.47717    -0.52984     0.44025
     0.09752    -0.02551    -0.06309     0.49388    -0.49795    -0.43644    -0.55091
     0.14399     0.18340     0.17171     0.46261     0.48300     0.52457    -0.44009
     0.09752    -0.02637     0.06693     0.49381    -0.49387     0.44139     0.55022
     0.57311     0.34922    -0.68209    -0.20042    -0.10689     0.17208    -0.05598
     0.57381     0.33810     0.68529    -0.20655    -0.10878    -0.17082     0.05592

