
     0.00004    -0.00015     0.00015    -0.00020     0.00023    -0.00005    -0.00004
    -0.00015     0.01699    -0.04743    -0.01529     0.04508    -0.00579     0.00591
     0.00015    -0.04743     0.13819     0.04522    -0.13339     0.01693    -0.01722
    -0.00020    -0.01529     0.04522     0.01787    -0.04887     0.00600    -0.00578
     0.00023     0.04508    -0.13339    -0.04887     0.14066    -0.01734     0.01687
    -0.00005    -0.00579     0.01693     0.00600    -0.01734     0.00275    -0.00208
    -0.00004     0.00591    -0.01722    -0.00578     0.01687    -0.00208     0.00274

