
     0.97918     0.19072    -0.00883    -0.04346    -0.02684     0.04629     0.00023
     0.12986    -0.70434     0.10766    -0.18269    -0.54226    -0.31157     0.22571
     0.03610    -0.37025    -0.06943    -0.03881    -0.14806     0.62966    -0.66097
     0.12386    -0.46538    -0.10196    -0.08216     0.75344    -0.36116    -0.22983
     0.03558    -0.28604     0.03395    -0.00479     0.31671     0.60828     0.66741
     0.06198    -0.11460     0.70461     0.69008     0.05145    -0.02641    -0.08365
     0.05087    -0.13750    -0.68956     0.69299    -0.11265    -0.05628     0.08316

